structure(list(continent = structure(c(1L, 3L, 5L, 4L, 2L), .Label = c("Africa", 
"Oceania", "Americas", "Europe", "Asia"), class = "factor"), 
    maxgdpPecap = c(21951.21176, 42951.65309, 113523.1329, 49357.19017, 
    34435.36744)), class = c("tbl_df", "tbl", "data.frame"), row.names = c(NA, 
-5L))
